.Random.seed <-
c(403L, 2L, 2073947109L, -1136823652L, 2053961458L, -665344147L, 
-1748963161L, 1139004110L, 1950425128L, 125049899L, -1844777399L, 
303040344L, -450162170L, 378272737L, -1353164429L, 943004130L, 
1197710676L, -1835674537L, -1489856435L, -194831388L, -2018125366L, 
1614225461L, 1967734415L, -1931538538L, 1009242944L, 245800451L, 
33702945L, 312944400L, -19768082L, 1919599769L, -1419325141L, 
-1562859494L, 1566352092L, -1845624097L, -1497252683L, 1160010316L, 
853239458L, -1730245123L, 794552055L, -1631768546L, -439901480L, 
483001915L, 1522267097L, -75611800L, 1637177494L, -88926703L, 
-1288048701L, 1764258770L, -1664733596L, 610049447L, -1032318211L, 
-1346902284L, 1240150490L, 2019497253L, 1318319167L, -1646672954L, 
-560672688L, 1565203571L, -619646831L, 1764495552L, -1268278626L, 
1636333161L, -1096841573L, 1885383594L, 1889488844L, -867925361L, 
-1924896059L, 427934332L, -1823600942L, 1348291149L, 827262727L, 
-1954952466L, 1142398920L, 428269771L, -232193751L, 1809045880L, 
735014566L, -1301948223L, -1085869741L, -230842878L, -1500035276L, 
607986871L, 354276525L, -243650108L, -79621654L, 358911573L, 
-217120785L, 1141993462L, 420686112L, -666384669L, 521396097L, 
-1212421648L, 1542314126L, -239673351L, 1389458827L, -481439302L, 
-1114124100L, -927845377L, -1184677547L, 304036460L, 1992609474L, 
-1389168355L, 1336405911L, -1005835522L, -1996009288L, -1030440293L, 
-2122917639L, -1967568312L, 1936528758L, 492053681L, -957495069L, 
169625522L, -1685735420L, -1924838585L, 574341661L, 1456789652L, 
1794504762L, -1327662459L, -2098812065L, -773725210L, -719032720L, 
2073395603L, -318872015L, -1111589664L, -12497538L, -917970935L, 
293171259L, -811172342L, -202977812L, -1483292049L, -919007835L, 
-2091135652L, -356257486L, 259690541L, -1300697369L, -489438194L, 
-1136562712L, -418269205L, -506402679L, 430304280L, -181728442L, 
-1033758303L, 518711347L, 1909302690L, 631414932L, -1467971817L, 
-442158835L, 1137547300L, 1604499466L, 2056301941L, 766680271L, 
-1417261098L, 214093696L, -2010537021L, 418235745L, 1388674000L, 
-468960466L, 595977945L, 33240299L, 363525466L, 195258140L, 667320863L, 
-700226955L, -896356596L, 1427735266L, -886564931L, 1907142711L, 
-775324962L, 1872299544L, 1459972475L, -583671527L, -740733528L, 
1967206742L, 460624337L, -1948233341L, -1887031278L, -1150655580L, 
-1625107609L, -17700675L, 450564148L, -1066212454L, 706408421L, 
1860385663L, -2068993274L, -84278128L, -1494231757L, -1281232175L, 
-1711671168L, 1718722910L, 771987113L, -640892581L, 940968810L, 
-955260404L, -1208819121L, 1779568389L, -688437316L, 247259794L, 
1753614733L, 404926919L, -9071954L, -60540152L, 868772107L, -1554204695L, 
-2145529672L, -1657317530L, 2119152641L, -939539821L, -283007678L, 
1447357172L, 165730039L, -652364051L, 1749664132L, -1791242326L, 
967415061L, -1757175889L, -1088606282L, 1876678112L, 1959046435L, 
1396671041L, -1690374864L, 309815118L, -160436807L, 471977931L, 
1853097082L, -1300425348L, -1380389441L, 772688533L, -1142998868L, 
2048049794L, 387626298L, 35817936L, 847082604L, 1562020148L, 
-594299246L, -929068192L, 1420432204L, -1624991776L, -1682884702L, 
-462305368L, -1485066868L, -1133631300L, -1443853966L, -1769851664L, 
2049036356L, 1921835352L, -74013126L, 675462000L, -810239940L, 
-466256108L, 179938754L, 1393294048L, 1337014140L, -1979056432L, 
1459419298L, -138605528L, -697613044L, -150059076L, -1641739982L, 
1253460416L, 1330448948L, 240565192L, -1632749382L, -2093192816L, 
188281324L, 15409748L, 391794834L, 565358368L, -455677492L, -2088790560L, 
2046506690L, 1804452904L, 337105580L, 1736180924L, -1430877710L, 
-703164112L, -1322494812L, -1701566792L, -480592550L, 233207184L, 
956732284L, -2090596076L, 2123096898L, 388520704L, -1825359940L, 
-630972592L, -2030337246L, -298181304L, -537589236L, -557324196L, 
-841777966L, -557106688L, 123014484L, 1639791080L, -1559024646L, 
-1947795248L, -419754708L, -1099701516L, 1080703378L, 1877267552L, 
1562354956L, -1311157536L, -1025423006L, -1232872792L, 1155646028L, 
2139042172L, -1512512206L, 120918128L, -1734752444L, -744022568L, 
320564346L, 199847472L, -445764932L, -1052254380L, -613133246L, 
-843473504L, 1865214652L, 819329488L, 1024662882L, 702009320L, 
1175553996L, 1536085756L, 1255490034L, 1556367488L, -1276943116L, 
1700693640L, -1914054854L, -132476080L, 326436460L, 1258733716L, 
1886269778L, 1857617632L, -1430564148L, 935186592L, -345457790L, 
996938472L, 1416377068L, -153805764L, -91417998L, -869428112L, 
-710941148L, 340329528L, 648517658L, -1273947440L, 1846006844L, 
1207583892L, -1211958142L, 914671552L, -1234298564L, -1553902960L, 
-1594569694L, 1039590408L, -1646016372L, 312794140L, 1770845842L, 
1303553152L, -493211628L, 694846760L, -1637052870L, 1352336592L, 
-1597631380L, -1362210124L, -2138867694L, 181151712L, -296103988L, 
1577102816L, -1931477470L, -280262360L, -544280308L, 360941116L, 
1770606834L, -885478672L, 299414340L, 2098944600L, -645225926L, 
-1257470224L, 801164476L, -1864192492L, 1167294658L, 1584652384L, 
209112444L, 644365520L, 876145698L, -390022488L, -1774370932L, 
-913065540L, 1884800050L, -1942837440L, 971798708L, -1823354040L, 
-1622709574L, 652644112L, 1841617132L, 1925280852L, 1852495634L, 
1686352800L, 613621708L, -97014944L, -1605140286L, 891192872L, 
680007084L, -141463748L, -1043136654L, 2062013232L, -2030845404L, 
76787768L, -1929540390L, -1698758256L, -1042352388L, -1705308268L, 
2006958914L, 609221120L, -896376260L, 144414288L, -930237790L, 
1658403656L, 2099411468L, -930026276L, -92622254L, -1360779136L, 
-1621558444L, 1838846440L, 200289018L, 1274713936L, 1356383276L, 
-479849100L, 957677202L, 1336212064L, -686271860L, -415175840L, 
-408096030L, 1978054824L, -1490947892L, -183049732L, -1096384590L, 
246494704L, 1034022340L, -568567976L, -933004422L, -237814352L, 
-88030788L, -646561708L, -268405822L, 1992770336L, 1703442364L, 
-882920880L, 1088712162L, 64713064L, 281046348L, 762331388L, 
1790952178L, -418787584L, -746717580L, 1342423048L, 238391738L, 
401174480L, 1188334060L, -2044790541L, 443926101L, -1760777678L, 
1530992640L, 1266543849L, -1679340709L, -1274196564L, -1877076550L, 
778793839L, -350935815L, 685062542L, -878285732L, 1799798477L, 
-45024713L, -130035520L, 2063056798L, 1342104683L, 1573077997L, 
1038943834L, -128661224L, -180849023L, 1790692403L, -854713772L, 
-384864670L, -1111973641L, -531451071L, 1484679622L, -390671612L, 
473552565L, 585851295L, -1606377992L, 1652126678L, 1345080931L, 
-284619227L, -695370302L, 1685631664L, -684164391L, 1064926283L, 
729932476L, -2120277782L, -857735905L, 929949097L, -273677506L, 
684940844L, 1646980221L, -297601337L, 1693527984L, -1261624882L, 
276036347L, 1671784797L, -1324393846L, -1457870680L, -254190575L, 
39668995L, 2094546948L, -1769312206L, 973740167L, -1794272047L, 
32722518L, -1020395980L, 958723397L, -631687281L, -1083596024L, 
2071045414L, 1283825107L, -2110023883L, 246611602L, -77362592L, 
-1788490807L, 1834068731L, -1521986356L, -1586729638L, 250839119L, 
-1898664679L, -618223826L, 1736014140L, 1780698797L, 326797655L, 
1715136672L, -915991042L, -1102731061L, 175781581L, 736526842L, 
-1345209800L, 1434277857L, -1202777965L, -1091964236L, 399466434L, 
-1261679657L, 1943446561L, -830688282L, 9420516L, -1322120683L, 
971162175L, 1431050712L, 697716726L, 744740867L, -599624891L, 
-1260636318L, 397990096L, -354524167L, 800669483L, 347708572L, 
1037693642L, 943258559L, 1161492233L, -1236860898L, -1645473332L, 
869333917L, -1891764697L, 1742961744L, 144008430L, -778747493L, 
-781207555L, -714632470L, 1601127816L, 1874199345L, 646208419L, 
1538780068L, -1923717550L, 1029268903L, 237994481L, 836121910L, 
1590590932L, -1914244251L, 1842625391L, 867087784L, 893045510L, 
1225838131L, 606946453L, 246897906L, -1203319488L, 49328809L, 
196131611L, 384568556L, 161083642L, 1500811567L, -1105074887L, 
1128277838L, 1278225820L, -1867092211L, -421893769L, -1898222208L, 
1690389470L, 411813035L, -1558339667L, -1785695206L, -1635460392L, 
